.Random.seed <-
c(403L, 518L, -2004707858L, 1223043629L, -2007838850L, -1435091287L, 
-1712951087L, -1062495729L, -1047388048L, 1766611625L, 1513064906L, 
1612179450L, -1988329151L, -1729572659L, 1623822030L, -1103094325L, 
-2100396171L, 2076751241L, 1135325940L, 1947988655L, 1431264535L, 
-1091545116L, -923259429L, 708875992L, -396229028L, 2097266920L, 
604544036L, -1269485453L, 911161598L, -1215983938L, 2053709043L, 
-1151513016L, 601014621L, 618431356L, 1701015862L, -1936051493L, 
-1966482816L, 629357915L, -273590187L, -475244878L, 481115721L, 
1495071199L, -1841232173L, -469671760L, 1997888327L, -1442573328L, 
1737563514L, 723516627L, 2005679790L, 1951471127L, -370125422L, 
240284911L, 196406429L, 1958051986L, 150354089L, 813407547L, 
2116137871L, 310916519L, -959582360L, 76804039L, 1809242621L, 
-1130784686L, -282995976L, -1332912590L, 523302480L, 760158371L, 
-1275216886L, 2026981452L, -886422282L, -58154075L, 362433911L, 
-1440816012L, -1591510201L, 782866896L, 1174500281L, -1836325575L, 
1352081952L, 499100948L, -1870254151L, 1540402209L, -398312408L, 
-1897933967L, 1990071567L, 1061998413L, -1627687657L, 1738917520L, 
1682150775L, -435908018L, -586946097L, 1528070566L, 1103503302L, 
-933958077L, 75861338L, 278101628L, 1538441793L, -299694106L, 
381631537L, -693175770L, 2048371784L, 1658223718L, 1285787558L, 
583849407L, -1342806776L, -754707461L, -799735225L, 419016170L, 
-1053098571L, 230764869L, -1518718386L, 1702939460L, 1392868372L, 
-1781173514L, 1246727645L, -1429301379L, -1390960258L, 830291997L, 
-2021801160L, -1586074795L, 1255055337L, -815211820L, -282977110L, 
-812727512L, 998911090L, 434265714L, -1816807440L, -842911575L, 
-300193397L, -687800301L, 821338096L, -2101262754L, -1560955265L, 
998065046L, -842987716L, -1136192916L, -330095384L, 1554008482L, 
1109553772L, 162864731L, -89142311L, -130465921L, -1549412904L, 
1896272704L, 1026009246L, -1954120956L, -642780234L, 2013862214L, 
-589040614L, -1405412953L, 1061315422L, 1740093663L, 1393011061L, 
1079186634L, -910782949L, -933606733L, -1793207947L, -1599253300L, 
263660413L, 1108765012L, 320139699L, 1619738078L, -921274155L, 
1767012273L, 1095459997L, -2046445809L, 838775267L, -2000592213L, 
1327587472L, 1751994811L, 583940808L, -1166518867L, -1869104905L, 
-1864753961L, 466955037L, 2004212423L, 1906770544L, 713961647L, 
-1029271030L, 1773274148L, 1492091917L, -205476747L, 417354221L, 
-940832733L, 1980222022L, -457709397L, -214851714L, 101132661L, 
-999495064L, -1260902643L, -814649281L, -501859678L, 1184321853L, 
1093262568L, -979617584L, 846374530L, 1912656468L, 31264693L, 
-199161260L, -1298276579L, 148106543L, -1336580482L, 345731082L, 
1940737619L, 2092907124L, 772074398L, 2060188142L, -1388952735L, 
-834401745L, 58381692L, -1091320858L, -683310369L, -694579607L, 
2011288925L, -441452792L, -245125453L, 367197342L, 1971260209L, 
-1213761597L, -1147236324L, -1620784639L, -39705062L, 343135730L, 
701925201L, -449049712L, -1182980984L, -72488650L, 842093306L, 
285332355L, -1096484490L, -426229273L, -1413934666L, 1686923405L, 
1897521108L, -1707868097L, 1788740656L, 760472514L, 1822118243L, 
2000885413L, -867861771L, -44647838L, 990535582L, 1702375387L, 
-207188699L, -1417065556L, -1954995789L, 2021329392L, 1585496424L, 
-1292035172L, -1549949779L, 342276875L, 1311460100L, -1247954810L, 
-51142167L, 1525538350L, 985251115L, 578908378L, -866628082L, 
-828285034L, 1633634917L, 1470698830L, 1015561596L, -219335928L, 
-175566044L, -1182100971L, -1381007427L, 536989589L, 1614553787L, 
402514694L, -875217034L, 1884397218L, -973148676L, -1080579730L, 
-200598316L, 936260947L, 493189275L, -38166995L, -884688003L, 
-376661827L, 1944151929L, -627720677L, 1504188540L, 395701302L, 
774649259L, -1863099088L, 1817068637L, 519946037L, 1260572340L, 
705674937L, -177379740L, 20426105L, -724201204L, -614582396L, 
-1379159814L, 1298462044L, 647043357L, -1195481235L, 1989813914L, 
1952597141L, 1978195814L, 1045808802L, 665784640L, -424692995L, 
-1787658992L, -1215358426L, -899281320L, 1300627195L, 1251487796L, 
-1526070385L, -1205328059L, -1569009628L, 1486131612L, -1561461335L, 
1003406850L, -974912428L, -180201475L, -183283018L, 1601213906L, 
-1820871373L, 388861783L, 44890631L, 1361678901L, 1605393656L, 
131021809L, 1203277522L, -1671358680L, 720205115L, 1533934821L, 
-1320471661L, -2121142615L, 737579540L, 1628609429L, 1022331889L, 
-1097855021L, 188095044L, 2022763843L, 1752150685L, -1701564004L, 
-1266899281L, 905787498L, -215365385L, 2139008639L, 317446323L, 
-266604941L, 550406627L, -174654866L, -74785130L, 2083464287L, 
-921356186L, -714168624L, 30020061L, 385128754L, 1598767070L, 
-1242658850L, -1316611803L, -200083617L, 972567560L, -1676443966L, 
2037693705L, -2049933548L, -1638213260L, -1927040441L, -479924013L, 
1413545580L, -69242986L, 1254950177L, 1543874272L, -1128181477L, 
-567222995L, -1064656039L, -943744365L, -726576146L, 2145966749L, 
-1102234086L, -1549853978L, 1068919496L, -161731592L, -41879360L, 
-1396363538L, 960184468L, -975956883L, 1670311874L, -1328253104L, 
1646697726L, -2115978085L, -924857936L, 1229342574L, -1925261074L, 
-1006517044L, 691482055L, -360960501L, -1936404258L, -1184385342L, 
-1571374677L, -650690457L, -2086774460L, 767362472L, 1526908730L, 
-1848648331L, 319107005L, 984685119L, 1467824867L, 1309177455L, 
1264619639L, -381054416L, -448747075L, -2106954630L, -436650716L, 
1353300071L, 925567647L, -316337542L, -894907640L, 74863031L, 
1053030071L, 76410756L, -797546719L, -1749130789L, -1842368461L, 
2111125675L, -1231888575L, 1726628797L, -494237271L, 73242403L, 
-485217269L, 1843456036L, 2107782923L, -1577740651L, -342679653L, 
562669732L, 685247816L, 895456383L, 2096917634L, -2030143243L, 
1030417044L, 1102241546L, 1737859912L, 1262188630L, -2099139551L, 
-995039726L, -979876972L, 594433213L, -431888903L, -1429082684L, 
983548910L, 637944712L, -1623573284L, 300235587L, 346815477L, 
1695017998L, 418973003L, -920361601L, -491431243L, 1612478902L, 
-7946673L, -759138951L, 32308962L, 560751839L, -1858222658L, 
-1042225572L, -687154570L, -1250790826L, 1337871553L, 2020444383L, 
1731660208L, -1355796778L, 1375978801L, 1485573499L, 124014465L, 
-1879491444L, 857824965L, -1646386607L, 867527851L, -1196467900L, 
1773182693L, -1758797353L, 1351325393L, -1530628314L, -1046527826L, 
-1980148313L, -827955677L, -293925673L, -576939941L, -705769983L, 
-558203892L, 1559878389L, -1839914510L, 1935368293L, 1200807366L, 
-1185936998L, 434568812L, -2020744072L, 688226891L, 61645703L, 
-1843535964L, -850930394L, 1969604081L, 1370295665L, 1699553130L, 
-722414235L, 135935464L, 1596501818L, 1073540772L, -1188224177L, 
433327570L, -1715847701L, -1641648321L, -161064203L, -1297678775L, 
-1426548709L, -2083061513L, 388231264L, -1636006569L, 241986432L, 
-416267294L, -270460492L, 240441825L, 1045905943L, -176604276L, 
1833588433L, -396896199L, 1269595556L, 1491553759L, 1052214505L, 
1701875475L, 89718407L, 97216775L, -1036353779L, 712355375L, 
725963059L, -2136877522L, 83465098L, -296684655L, -1023246981L, 
230638515L, -64832038L, 1707470783L, -1097706738L, 664334393L, 
336243801L, -1223995065L, 110492723L, 247691305L, 1314945380L, 
841785562L, 1780069100L, 1022678800L, 247193141L, 132313728L, 
-277609231L, 379366429L, -690492345L, -340959460L, -315441410L, 
-1104223980L, 1417568402L, 989664645L, 346769651L, -79924728L, 
1663292862L, 2058964238L, 1365155882L, -189575644L, 1654954892L, 
-1686785259L, 733015417L, -1641085447L, -908669681L, 1120795337L, 
-770250854L, -200418216L, -1342402785L, 1110091029L, -553899534L, 
-885737206L, 1106011386L, -1525526818L, -1725751684L, -452954943L, 
968054751L, 1653106189L, -1710600054L, -2120342344L, -1250139138L, 
-1495206864L, 1472417172L, -1548665827L, 1387068572L, 1488951984L, 
1075845374L, 1613651L, 1769617951L, 1509753146L, 1418639824L, 
1887833345L, 1973658720L, -787987286L, -1817460247L, -1258530804L, 
-173493840L, 2098950190L, 738223055L, -434600090L, 1947759192L, 
-1940059428L, -2020645141L, -700680321L, 160478365L, 1236320266L, 
